grp3_ACP	134.5	134.5	134.5
grp2_CerR	262.8	413.6	215.2
grp2_Spt	660.7	-inf	395.4
grp3_bCerS	495.0	-inf	309.1
ds4_CapA	443.3	-inf	11.0
ds4_CapC	257.3	-inf	14.9
ds4_Spt	464.1	-inf	39.7
ds4_SulA	472.5	-inf	181.6
ds5_SulS	546.7	739.2	339.0
ds4_SulS	315.5	606.7	10.6
ds4_alfi1990	548.3	-inf	112.6
ds4_alfi1991	462.0	520.2	112.9
ds4_fjoh2422	172.1	387.3	108.7
ds4_fjoh2423	75.1	109.2	49.6
ds4_fjoh2424	1016.8	1200.6	402.8
ds4_fjoh2425	423.1	-inf	108.1
ds4_fjoh2426	473.4	594.8	98.4
ds4_fjoh2427	856.5	856.5	730.7
