grp2_ACP	134.5	134.5	134.5
grp2_CCNA01210	345.7	-inf	212.2
grp2_CCNA01211	263.8	370.6	243.0
grp2_CCNA01213	339.2	436.6	261.2
grp2_CCNA01214	379.0	517.4	320.0
grp2_CCNA01215	207.8	227.6	135.3
grp2_CCNA01220	551.2	653.5	305.3
grp2_CCNA01223	777.9	-inf	391.4
grp2_CerR	262.8	413.6	215.2
grp2_ChiA	2526.4	-inf	2344.6
grp2_GldA	422.9	-inf	179.4
grp2_GldB	485.7	-inf	325.7
grp2_GldC	175.3	189.9	138.0
grp2_GldD	307.8	307.8	236.8
grp2_GldE	487.9	-inf	331.1
grp2_GldF	346.4	388.4	164.4
grp2_GldG	675.4	-inf	292.4
grp2_GldH	284.5	302.3	220.1
grp2_GldI	405.7	423.6	405.7
grp2_GldJ	944.7	1016.6	459.9
grp2_GldK	613.5	759.8	287.3
grp2_GldL	154.5	317.8	154.5
grp2_GldM	475.1	712.6	268.8
grp2_GldN	256.7	445.4	181.1
grp2_GldO	270.7	472.2	199.2
grp2_SecE	134.5	143.4	123.8
grp2_SecG	165.8	204.1	139.1
grp2_SecY	726.3	817.7	514.0
grp2_SprA	3329.3	3577.4	2152.5
grp2_SprB	5625.5	11488.8	4634.3
grp2_SprC	632.9	786.8	457.0
grp2_SprD	2110.1	2156.2	1733.4
grp2_SprE	1646.1	1709.9	1646.1
grp2_SprF	586.5	643.8	520.0
grp2_Spt	660.7	-inf	395.4
grp2_bCerS	495.0	-inf	309.1
grp2_fjoh1744	1029.8	1237.1	775.2
grp2_fjoh1745	286.8	303.6	233.5
grp2_fjoh1746	233.5	266.5	224.9
grp2_fjoh1747	710.4	744.9	391.7
grp2_fjoh1748	674.8	715.4	419.9
grp2_fjoh1927	530.7	-inf	323.2
grp2_fjoh2418	954.5	996.0	810.5
grp2_fjoh2419	757.3	815.8	365.4
grp2_fjoh2420	185.6	230.8	162.4
grp2_fjoh2421	557.4	-inf	271.2
grp2_fjoh2422	311.4	458.0	261.2
grp2_fjoh2423	119.2	174.4	119.2
grp2_fjoh2424	1192.6	1327.0	601.6
grp2_fjoh2557	588.7	683.9	276.7
grp2_fjoh4604	712.0	712.0	340.8
