grp0_dHdrA	825	1029.7	695
grp0_dHdrB	150	373	263
grp0_dHdrC	99	182.8	98.2
grp0_DsrE3A	98	122.2	73.3
grp0_DsrE3B	122	178.3	113
grp0_DsrE3C	104	107.8	40.4
grp0_DsrE4	104	108.6	65.4
grp0_DsrE5	115	143.9	80.3
grp0_PhsA	551	766.4	125.6
grp0_PhsB	229	251.4	184
grp0_PhsC	191.5	263.3	41.4
grp0_Rhd442	110	133.7	101.3
grp0_SDOI	186	241.8	159.9
grp0_SDOII	156	169.7	56.3
grp2_CstA	1262.9	1300.4	467.3
grp2_CstB	693.1	719.9	319.0
grp0_SQRI	257	432.1	253.5
grp0_SQRII	411	543.7	406.4
grp0_SQRIII	267.5	338.6	78.1
grp0_SQRIV	224	438.7	215.7
grp0_SQRV	205	248.4	201.2
grp0_SQRVI	202	207.3	72.3
grp0_SOR	100	192.1	100
grp0_sHdrJ	300	361.5	100
grp0_sHdrR	25	104.8	22.5
grp0_TmcD	510	501.9	100
grp0_HmcD	10	60.4	10
grp1_HmcA	291.0	291.0	205.3
grp1_HmcB	385.9	385.9	141.8
grp1_HmcC	535.2	603.0	271.2
grp1_HmcE	300.7	360.7	148.6
grp1_HmcF	536.0	754.1	285.7
grp1_TmcA	130.9	175.9	130.9
grp1_TmcB	521.8	521.8	198.4
grp1_TmcC	246.6	246.6	162.8
grp2_CstA	1262.9	1300.4	467.3
grp2_CstB	693.1	719.9	319.0
grp2_DoxA	230.9	230.9	230.9
grp2_DoxD	264.7	264.7	199.8
grp2_DsrL	619.0	950.9	287.8
grp2_DsrR	116.6	162.3	116.6
grp2_DsrS	552.3	599.4	390.8
grp2_EMO	801.3	968.3	301.2
grp2_FccB	629.5	704.1	165.3
grp2_FlxA	358.2	451.8	195.2
grp2_FlxB	306.4	347.9	193.3
grp2_FlxC	244.4	406.9	144.7
grp2_FlxD	215.8	242.9	123.1
grp2_MccA	1013.8	1141.2	761.6
grp2_MccB	310.1	351.5	200.3
grp2_MccC	317.6	350.0	146.9
grp2_MccD	353.8	466.0	318.0
grp2_MccR	347.2	406.2	256.6
grp2_MccS	600.4	764.5	482.7
grp2_RhdI	152.4	158.7	131.9
grp2_ShyA	429.5	672.9	162.3
grp2_ShyB	357.1	439.0	139.6
grp2_ShyC	341.0	412.8	170.9
grp2_ShyD	214.3	376.6	148.0
grp2_SorA	659.4	701.9	263.4
grp2_SorB	105.7	105.7	105.7
grp2_SoxA	370.3	451.8	168.8
grp2_SoxB	893.7	1021.9	185.1
grp2_SoxC	700.6	786.1	248.3
grp2_SoxD	310.8	860.8	195.1
grp2_SoxG	354.7	480.7	177.9
grp2_SoxH	506.5	492.5	201.7
grp2_SoxT1	391.3	497.3	218.6
grp2_SoxV	337.3	368.3	185.0
grp2_TtrB	348.3	402.7	147.4
grp2_oxDsrK	536.1	773.0	276.4
grp2_oxDsrN	535.1	741.7	273.5
grp2_qHdrB	224.2	346.7	179.3
grp2_qHdrC	387.6	467.2	189.0
grp2_sEtfA	280.6	380.8	191.3
grp2_sEtfB	403.4	409.9	189.4
grp2_sHdrA	416.3	527.4	203.7
grp2_sHdrB2	369.3	453.0	149.2
grp2_sHdrT	523.8	617.2	261.0
grp3_AprM	381.1	489.2	280.0
grp3_AsrA	433.0	489.7	300.3
grp3_AsrB	327.2	405.3	215.1
grp3_AsrC	403.1	474.4	296.6
grp3_DsrE	164.3	228.6	81.6
grp3_DsrE2	187.2	271.1	136.6
grp3_DsrF	133.8	206.0	78.7
grp3_DsrH	110.7	147.0	80.7
grp3_DsrT	124.2	243.8	124.2
grp3_FccA	189.3	273.2	154.7
grp3_LbpA1	175.5	221.5	154.0
grp3_LbpA2	155.5	211.6	122.5
grp3_LipS1	346.7	436.3	189.0
grp3_LipS2	386.5	517.9	212.9
grp3_LipT	340.9	444.5	177.6
grp3_Otr	934.9	981.4	934.9
grp3_QmoA	500.7	605.8	169.8
grp3_QmoB	864.4	1178.5	338.8
grp3_QmoC	313.4	528.6	226.1
grp3_QrcA	159.2	311.2	109.1
grp3_QrcB	700.7	1001.1	345.4
grp3_QrcC	323.2	360.7	115.9
grp3_QrcD	542.1	646.7	287.6
grp3_SoeA	1248.2	1603.5	218.5
grp3_SoeB	279.5	362.6	127.3
grp3_SoeC	190.9	365.4	111.5
grp3_SoxE	152.9	369.2	142.7
grp3_SoxF	471.1	721.4	242.4
grp3_SoxR	142.7	179.6	128.1
grp3_SoxS	122.6	163.3	115.4
grp3_SoxT2	326.4	511.1	216.3
grp3_SoxV	313.3	365.7	178.2
grp3_SoxW	189.9	267.4	173.4
grp3_SoxX	161.4	220.9	133.5
grp3_SoxY	164.0	208.0	139.6
grp3_SoxZ	127.0	180.0	100.9
grp3_SudA	517.6	898.1	191.7
grp3_SudB	400.4	469.7	178.4
grp3_TsdA	341.2	285.9	198.5
grp3_TsdB	216.1	246.5	172.3
grp3_Tth	857.3	993.3	857.3
grp3_TtrA	1282.8	1547.9	486.5
grp3_TtrC	202.8	369.3	202.8
grp3_TtrR	280.4	295.3	202.3
grp3_TtrS	822.8	877.0	477.9
grp3_TusA	113.1	113.1	80.9
grp3_assAprA	685.7	871.2	191.1
grp3_assAprB	183.2	196.1	136.5
grp3_oxAprAI	960.4	1231.1	456.8
grp3_oxAprAII	894.6	1133.9	635.9
grp3_oxAprBI	267.3	302.3	174.4
grp3_oxAprBII	179.8	262.7	123.9
grp3_oxDsrA	168.2	730.0	108.2
grp3_oxDsrB	282.0	645.2	258.1
grp3_oxDsrC	143.1	178.2	104.4
grp3_oxDsrJ	143.2	178.2	143.2
grp3_oxDsrM	154.3	310.3	147.1
grp3_oxDsrO	221.3	399.6	164.4
grp3_oxDsrP	293.5	629.9	183.2
grp3_oxSat	610.2	670.1	213.4
grp3_redAprA	994.7	1013.6	686.6
grp3_redAprB	170.1	257.4	148.3
grp3_redDsrA	294.7	663.9	294.7
grp3_redDsrB	246.7	608.9	246.7
grp3_redDsrC	141.9	190.0	84.7
grp3_redDsrD	121.5	121.5	21.5
grp3_redDsrE	68.9	131.9	18.9
grp3_redDsrF	65.3	137.7	15.3
grp0_redDsrH	67.5	139.8	15.3
grp3_redDsrJ	125.7	193.0	97.4
grp3_redDsrK	370.5	929.4	370.5
grp3_redDsrM	353.6	553.8	179.6
grp3_redDsrN	549.9	704.3	335.7
grp3_redDsrO	270.5	408.5	172.3
grp3_redDsrP	530.9	653.5	68.0
grp3_redSat	560.4	679.6	228.0
grp3_sHdrB1	342.4	682.5	303.7
grp3_sHdrB3	401.5	620.2	224.5
grp3_sHdrC1	265.7	370.4	212.5
grp3_sHdrC2	211.9	408.8	111.9
grp3_sHdrH	172.4	381.7	17.4
grp3_sHdrI	151.2	216.2	15.2
grp3_sLplAB	311.2	505.1	162.8
